278.449501 460.334384 42.160113
300.075609 477.956989 54.744747
598.335902 1339.917402 50.233978
518.234336 964.369973 61.474791
527.727672 1373.503262 68.996026
609.684199 1014.448834 87.302388
774.275255 1256.627440 84.870422
796.682913 1594.643578 93.369293
837.855360 1519.906635 116.059590
993.697508 1685.351486 91.883655
937.488685 2324.184628 143.328416
1050.178087 1817.927977 117.504293
1285.968248 2117.563243 105.926354
1522.684788 2476.540234 132.140904
1388.060109 2397.506633 184.624229
1467.754789 2541.634268 210.178671
1519.157522 2719.284381 128.457237
1403.972259 2661.550784 71.054468
1663.625531 4061.448690 240.514012
1820.444925 3118.805948 146.412176
2065.300988 3982.943264 238.646926
1880.831113 5967.551880 130.291387
2357.590409 9651.475919 263.267929
2424.685945 6997.042666 167.565567
2562.037886 6221.303791 287.317854
2635.099432 8949.184324 159.983003
2612.748161 8957.925623 317.115401
2767.931436 6175.091659 157.764338
2338.981195 7703.120699 290.797572
2543.110263 7837.904674 212.751107
2672.566506 5132.531861 411.819138
2995.409986 7483.417598 390.779277
2945.655211 5923.380109 220.041084
2983.177215 9903.988162 196.133626
3456.652884 6891.627456 358.814831
3208.657271 6278.878273 216.925191
3566.628330 10706.791242 224.333683
3268.937922 7021.811367 190.102306
3971.599867 8505.308656 356.226626
3446.490702 6543.631636 179.101270
3709.764987 14134.668435 246.966819
3409.625597 8608.403493 133.488873
3645.256111 10155.345326 531.301389
3986.372974 11646.971609 590.889842
4154.819058 10431.939975 204.482282
4388.926245 9610.065214 332.576061
4101.004195 7241.303595 104.190559
4549.048779 11292.525906 300.395229
4402.454890 13313.508776 657.550570
4943.181887 14419.600783 2.245161
