161.051320 220.795607 52.913923
216.604617 342.948080 62.087516
275.684820 463.436208 50.100988
341.257193 577.691253 41.594236
415.127537 732.983308 48.357712
487.924044 867.434835 63.861112
568.377178 1016.464914 70.884165
645.919390 1161.532351 86.687527
712.009267 1268.133346 83.578167
774.798897 1443.645634 104.221145
899.876776 1617.868152 121.705758
948.565814 1734.623342 163.840309
1149.804320 2004.720737 96.941600
1079.301728 1996.179049 131.197151
1196.769451 2187.945484 195.220195
1296.715499 2359.068868 210.144585
1425.279844 2560.181271 153.234931
1476.629607 2716.794307 131.405690
1468.925526 2706.788932 162.618497
1547.593692 2889.140139 256.363639
1656.632755 3183.594177 173.726823
1702.280689 3159.970420 213.764291
1783.342747 3305.893507 149.488376
1921.181980 3537.089806 160.972180
1921.816767 3608.592245 168.519287
2054.525684 3809.618911 250.165517
2081.019774 3846.462092 226.788379
2165.632271 5046.562960 215.156788
2537.314756 8594.298019 438.930712
2371.093661 4735.273201 374.092677
2443.969237 5795.544814 383.400581
2524.558685 7591.901961 216.843235
2541.025511 7488.048321 208.460653
2716.468949 6328.625645 349.860090
2678.948562 6650.130290 261.635536
2852.182092 7557.021092 227.168136
3125.301954 7636.528664 232.050719
2960.954528 6820.000008 227.198245
3050.993727 7583.155967 297.490385
3136.975966 9598.440174 280.031373
3268.776362 9399.579593 451.441021
3371.029109 12276.465925 270.873133
3322.445446 9777.654672 396.000804
3554.355940 8233.902984 145.345858
3510.079352 8815.893916 225.841626
3669.749827 13186.115985 405.953170
3778.687665 9041.224336 340.137140
3796.592027 8520.297918 220.341834
3987.274494 10517.746408 611.216708
3991.837766 9477.070247 151.526614
